914010
8500
378760
807120
1030210
1205430
960170
1128810
790740
638230
1256610
1310690
1179680
843380
1089350
10
560130
1151340
1285000
1175730
391540
774861
730
1289310
570
261550
1239690
979690
700600
835570
1291330
386360
774861
374320
1293530
1134520
805550
1089350
1151340
1275250
105600
824270
1303280
1011420
1189630
394360
359550
1024650
377160
899440
1086940
1089350
1151640
1254360
813780
39210
774171
386360
1179210
690790
924980
674500
1282940
996770
389730
489830
865540
1147560
1307760
838410
387990
1097150
342940
571740
1151340
1113410
960690
1213700
433340
39210
582010
435150
1136020
841370
813780
1254860
1159090
252950
380600
489830
882100
960170
703080
1097150
681280
389730
489830
571740
761890
1057240
1182020
1100600
831980
960690
1144400
242760
292030
578650
1124300
933820
1097150
1213750
830580
872670
238960
435150
39210
638230
582010
544730
1041320
255710
1228610
397540
1149440
985890
439350
843380
1199370
378860
1178830
468920
1210770
1104450
838410
374320
985890
1143810
435150
1016870
960090
238960
1106840
835570
766570
3480
465200
1071870
960170
635260
1144400
813630
292030
1302510
477160
1016920
465200
346110
880940
494150
835570
240
255710
1258080
1149440
1184050
200210
903950
204360
1261970
913060
1082180
359550
1174690
526870
1299120
444200
1041690
594570
8870
1139900
690790
435150
376210
730
924980
1138660
759740
1178400
1018800
203160
546560
1281280
960170
236850
346970
812140
1205430
49520
1102190
1179210
1127460
1286350
991270
1086940
252950
840140
582010
22380
39210
1261960
544810
947510
306130
903950
1172620
991270
550650
1256670
578080
394360
378760
534380
261550
261550
346110
1230140
306130
1085660
774861
884660
1256610
714010
266410
730
394360
1151640
1295480
431240
523660
523660
220
1239430
335240
952060
438100
431240
397540
728530
281990
48700
957070
261550
564230
526870
1172620
1046930
571740
291550
1258080
582010
431960
435150
252490
692850
988910
306130
835570
1106840
244210
518790
546560
394690
991170
1090630
774801
1296200
1239430
1215180
1142730
979690
389730
39210
1106840
807120
413150
620980
230410
261550
1158310
1090630
468920
826630
835570
1118010
1063730
1080110
1066890
1239430
221100
728530
1100600
1193340
444200
1030210
3590
835570
1113410
1258080
957790
1273370
1161490
230410
999860
261550
397540
289070
294100
440640
203160
1072420
218620
221380
635260
1087280
628670
1085660
728880
105600
261550
219740
646570
1256670
570
1009290
8930
413150
289070
440900
8500
674500
271590
105600
427520
651150
346110
49520
306130
397540
736190
1122120
753640
218230
1144460
1258080
794800
477160
632360
1085660
928600
1202540
753640
552990
1139900
1085660
523660
960090
292030
589290
1219160
1165870
1066890
281990
1213700
1283960
1016870
1256610
985890
292030
1305720
711540
617290
779340
928600
759740
1239430
1071870
805550
1019310
1042490
582010
227300
960170
674500
281990
1100600
582010
928600
346110
779340
546560
823940
1149440
8930
1135910
252490
271590
1226470
985890
589290
261550
339610
980300
211820
787480
1172620
431240
359550
413150
1293160
1253870
22330
601510
1007040
1184050
1086940
48700
1165870
1145360
1174180
1151640
1134520
745920
238960
397060
1071870
534380
895400
1143810
465200
378760
231430
468920
304930
1259000
835570
1041920
1139940
1213740
1009290
550
1009290
1226470
1291330
595520
861650
255710
286160
594570
1099410
261570
1133590
880940
271590
252950
252950
960170
221380
202970
1167450
570
3320
582010
378760
440
534380
261550
1265230
1028510
230410
1113410
1158310
1046930
236850
489830
1139700
813780
438100
582010
271590
1256670
238960
1104450
1233260
979690
306130
1286350
289070
322330
230410
1071870
1174180
466630
508440
1241100
1293230
10
835570
952060
78000
1213700
979110
594570
578080
1258080
831560
1085660
1138660
518790
397540
1191840
48700
440900
1165870
397900
