985890
1261970
913060
397540
1090630
835570
952060
1147560
1134520
1165870
1239430
465200
1213740
1261960
1149440
1118010
1090630
985890
582010
1007040
397540
952060
389730
899440
835570
831560
1167450
271590
202970
824270
271590
582010
730
1085660
230410
359550
578080
570
10
252950
440
291550
261550
252490
105600
730
359550
230410
550
10
49520
203160
218620
1085660
240
632360
582010
220
8870
48700
1172620
1057240
1139900
1009290
1151640
534380
1226470
1286350
1256670
674500
1193340
979690
1178830
1179210
753640
